=== ana_02 ===
 year  n_sets  n_sets_with_parts
 1949       5                  5
 1950       6                  6
 1953       4                  3
 1954      14                 14
 1955      39                 36
 1956      18                 16
 1957      24                 21
 1958      66                 61
 1959       4                  4
 1960       3                  2
 1961      25                 24
 1962      13                 11
 1963      61                 57
 1964      38                 32
 1965      28                 21
 1966     122                113
 1967      30                 26
 1968      42                 40
 1969      75                 74
 1970      43                 42
 1971      57                 54
 1972      39                 39
 1973      72                 70
 1974      39                 38
 1975      41                 40
 1976      77                 75
 1977     114                114
 1978      77                 76
 1979      93                 93
 1980     110                110
 1981      84                 82
 1982      89                 88
 1983      75                 72
 1984      98                 90
 1985     177                168
 1986     165                157
 1987     240                233
 1988      85                 81
 1989     138                131
 1990     116                113
 1991     148                145
 1992     140                133
 1993     138                134
 1994     170                158
 1995     195                190
 1996     196                187
 1997     286                268
 1998     423                401
 1999     384                361
 2000     408                348
 2001     460                396
 2002     583                511
 2003     544                423
 2004     468                399
 2005     415                342
 2006     442                305
 2007     481                291
 2008     463                319
 2009     553                419
 2010     531                405
 2011     657                485
 2012     776                543
 2013     837                577
 2014    1055                714
 2015    1024                688
 2016     999                717
 2017    1109                681
 2018    1069                708
 2019    1111                722
 2020    1121                738
 2021    1233                767
 2022    1239                730
 2023    1175                768
 2024    1271                835

max year: 2024, total years covered: 74
=== ana_03 ===
 year  median       mean     p95   max  count
 1949   126.0  96.400000  170.80   178      5
 1950     1.0   1.000000    1.00     1      6
 1953     1.0  16.666667   43.30    48      3
 1954     1.0   8.357143   48.80    54     14
 1955     8.0  13.472222   41.75    59     36
 1956     5.5  18.000000   70.50    96     16
 1957    19.0  39.190476  150.00   238     21
 1958    10.0  19.491803   76.00   149     61
 1959    17.5  14.250000   21.00    21      4
 1960   263.0 263.000000  454.70   476      2
 1961     9.0  98.833333  714.90   785     24
 1962    32.0 101.454545  416.50   751     11
 1963    49.0  72.017544  213.20   468     57
 1964     4.5  48.531250  172.35   253     32
 1965    38.0  65.285714  223.00   304     21
 1966    18.0  47.309735  193.40   817    113
 1967    62.0 131.038462  624.50   712     26
 1968   106.5 135.525000  407.00   470     40
 1969    23.0  72.891892  360.45   798     74
 1970    50.5  80.714286  217.40   471     42
 1971    57.5  96.351852  301.15   917     54
 1972    50.0 101.025641  267.20   901     39
 1973    57.5 103.128571  334.40   665     70
 1974    78.5 106.526316  252.80   412     38
 1975    82.0 138.150000  516.50   596     40
 1976   113.0 146.466667  411.30   683     75
 1977    15.0  77.122807  393.85   608    114
 1978    55.5 142.592105  483.25   982     76
 1979    56.0  96.913978  369.00   512     93
 1980    34.0 105.636364  500.40   787    110
 1981    24.5  96.073171  417.95   775     82
 1982    22.5  65.693182  234.30   744     88
 1983    29.0  97.763889  418.80   570     72
 1984    32.0  82.277778  347.15   899     90
 1985    34.0 108.821429  447.20  1534    168
 1986    42.0  98.363057  400.20   668    157
 1987    26.0  67.798283  324.60   721    233
 1988    57.0 128.160494  614.00   898     81
 1989    33.0  93.519084  436.50   918    131
 1990    54.0 167.415929  556.40  1534    113
 1991    44.0 134.310345  523.40  2195    145
 1992    40.0 109.263158  457.80   954    133
 1993    46.0 129.597015  505.15   925    134
 1994    41.0 112.272152  443.00  1346    158
 1995    42.5 131.015789  477.50  1730    190
 1996    59.0 173.176471  721.50  2542    187
 1997    40.0 114.070896  444.95  1417    268
 1998    49.0 130.710723  508.00  1712    401
 1999    32.0  98.587258  431.00  1406    361
 2000    39.0 109.123563  446.55  2882    348
 2001    29.0 101.881313  420.75  1868    396
 2002    39.0 107.722114  465.50  3116    511
 2003    45.0 172.685579  730.40  5255    423
 2004    50.0 163.080201  786.10  2986    399
 2005    52.5 211.596491  982.40  5462    342
 2006    75.0 241.081967  984.20  2000    305
 2007    77.0 273.766323 1108.50  5198    291
 2008    83.0 266.523511  957.10  5922    319
 2009    61.0 195.634845  816.00  3261    419
 2010    61.0 235.533333  985.20  5200    405
 2011    44.0 171.391753  793.20  3152    485
 2012    49.0 176.476980  748.00  2772    543
 2013    50.0 192.038128  756.20  2989    577
 2014    57.5 183.529412  747.90  3296    714
 2015    65.0 216.908430  806.30 10001    688
 2016    64.0 222.217573  859.80  4642    717
 2017    86.0 263.176211 1008.00  7541    681
 2018    78.0 242.887006  912.15  6020    708
 2019    70.0 266.839335 1172.50  4784    722
 2020    68.5 287.918699 1204.65  9036    738
 2021    86.0 347.522816 1439.30 11695    767
 2022    95.0 387.280822 1603.75 10001    730
 2023   144.5 393.940104 1573.60  6181    768
 2024   159.0 406.313772 1627.30  5500    835
=== ana_04 ===
  set_num                                    name  year                theme_name  num_parts
  31203-1                               World Map  2021                  LEGO Art      11695
  10307-1                            Eiffel Tower  2022                     Icons      10001
 BIGBOX-1           The Ultimate Battle for Chima  2015          Legends of Chima      10001
  10294-1                                 Titanic  2021                     Icons       9092
  10276-1                               Colosseum  2020                     Icons       9036
  75192-1                       Millennium Falcon  2017 Ultimate Collector Series       7541
  75313-1                                   AT-AT  2021 Ultimate Collector Series       6785
  75331-1                         The Razor Crest  2022 Ultimate Collector Series       6187
  10316-1            Lord of the Rings: Rivendell  2023                     Icons       6181
  71799-1                    NINJAGO City Markets  2023                   Ninjago       6163
  71043-1                         Hogwarts Castle  2018              Harry Potter       6020
  10256-1                               Taj Mahal  2017            Creator Expert       5923
  10189-1                               Taj Mahal  2008            Creator Expert       5922
  10299-1 Real Madrid – Santiago Bernabéu Stadium  2022                     Icons       5876
  71741-1                    NINJAGO City Gardens  2021                   Ninjago       5710
  75978-1                            Diagon Alley  2020              Harry Potter       5548
  10284-1                 Camp Nou - FC Barcelona  2021                     Icons       5509
2000409-2                  Window Exploration Bag  2024              Serious Play       5500
  10333-1        The Lord of the Rings: Barad-dûr  2024                     Icons       5478
   SWMP-1      Star Wars / M&M Mosaic - Promo Set  2005                 Star Wars       5462
=== ana_15 ===
year
1998    401
1999    361
2000    348
2001    396
2002    511
2003    423
2004    399
2005    342
2006    305
2007    291
2008    319
2009    419
2010    405
=== ana_18 ===
median 1980: 34.0
median 1990: 54.0
median 2010: 61.0
median 2020: 68.5
ratio 2020/1980: 2.01x
ratio 2020/1990: 1.27x

decade-averaged median set size:
decade
1940    126.0
1950      6.0
1960     24.0
1970     56.0
1980     32.0
1990     41.5
2000     50.0
2010     62.0
2020    108.5
